15090008
15090013
15088738
15083756
15085720
15090568
15090712
15090741
15088516
15088523
15088460
15088467
15088476
15087105
15087111
15087824
15088653
15088659
15088669
15088928
15088674
15088938
15088941
15087511
15087488
15086645
15086687
15086688
15086649
15086655
15089637
15089617
15090589
15090368
15090384
15090376
15090422
15090388
15090407
15090414
15090412
15091124
15091123
15090684
15090667
15090689
15090674
15090695
15090706
15090718
15090834
15090756
15091301
15091201
15091135
15090736
15091174
15091184
15090766
15090878
15090872
15091225
15090905
15090933
15091129
15090971
15086857
15086860
15086862
15086880
15090457
15086889
15086890
15086891
15086892
15086893
15086895
15086898
15086901
15086903
15086875
15086883
15088737
15088743
15089147
15089148
15085384
15088773
15089725
15089733
15089503
15089722
15089492
15089669
15089697
15089585
15089658
15089719
15089512
15086325
15086324
15086327
15089713
15089711
15089575
15089717
15089716
15089715
15089712
15089714
15089703
15089704
15089700
15086328
15089698
15086329
15090532
15087611
15087615
15089015
15086418
15086424
15086426
15086438
15086440
15086442
15086446
15086447
15086390
15088979
15089051
15089062
15088949
15088950
15086612
15086391
15086392
15089330
15086395
15086397
15087069
15086605
15086394
15086398
15086411
15090199
15090181
15086831
15088152
15088830
15086855
15086636
15090286
15090235
15090281
15090291
15088863
15086837
15086587
15086823
15090168
15088156
15086861
15086872
15090190
15087087
15090228
15086868
15090285
15088161
15086576
15088171
15088852
15086633
15086578
15087085
15086584
15090194
15090214
15086820
15086878
15087277
15086805
15087082
15089768
15086634
15086637
15086415
15086420
15086423
15086240
15086244
15090645
15090657
15086632
15086599
15086630
15086607
15086628
15086602
15089773
15090396
15090416
15090421
15090403
15090428
15090431
15091362
15086118
15088749
15087049
15084795
15084758
15084700
15084790
15084705
15084753
15084799
15084789
15084511
15084796
15084744
15084574
15084576
15084607
15084515
15084519
15084575
15089040
15085788
15089989
15089993
15088651
15089984
15089968
15084222
15072442
15072446
