15001023
15001033
15001030
15001035
15029195
15029194
15000937
15058048
15057469
15000984
15058301
15048854
15016368
15057129
15056633
15058230
15081073
15058984
15057780
15056550
15000943
15059088
15000988
15000998
15057699
15000997
15059460
15057131
15058316
15000985
15072442
15072446
15074456
15074452
15074453
15074454
15074446
15074457
15074449
15074465
15074444
15074464
15075918
15075912
15075917
15075914
15074462
15074466
15074432
15093745
15074426
15074423
15036874
15036876
15086118
15036878
15085525
15084908
15084667
15085348
15084953
15084956
15084727
15084863
15084816
15085323
15085388
15084891
15085510
15073646
15092529
15036877
15036875
15085254
15092587
15088749
15092950
15001135
15001156
15001153
15001137
15001145
15001149
15074626
15074595
15001136
15066792
15004087
15004088
3074263
15066784
15004206
15038775
15087049
15004211
15004210
15068621
15068635
15042437
15000837
15000920
15000849
15000907
15000851
15000497
15000509
15000585
15000477
3043737
15076302
15056879
15058920
15051436
15056640
15017143
15031274
15017237
15059135
3076743
15058586
15057302
15059157
15040827
3068728
15053284
3068324
15082025
15082027
15082031
15082039
15082028
15082047
15082046
15082044
15082033
15082042
15082043
15082009
3047476
15004271
15084795
15059150
15084782
15000952
15084758
15004264
15084700
15004280
15084790
15038504
15084322
15000969
15084705
15000983
15084753
15084799
15034601
15084789
15038507
15084511
15004273
15084796
15000982
15084573
15000961
15084744
15000970
15084574
15058465
15084576
15058767
15084607
15003742
15084515
15034602
15084519
3047490
15084575
15002986
15002811
15012826
15002812
3069289
15002724
15052343
3070429
15002810
15002733
15003838
3070433
15044420
15012689
15012679
15012691
15012688
15012692
15012690
15021184
15057479
15056765
15021183
15058826
15057180
15042795
15042796
15058222
15058449
15089040
15058476
15058530
15057999
15059475
15037840
3045421
15074658
15038044
15073861
15073855
15073885
15075624
15073872
15073877
15076352
15043631
15000717
15000574
15043622
15058008
15000575
15059010
15000719
15000720
15028236
15028246
15028250
15028248
15028241
15028238
15028237
15028239
15028249
15000800
15028245
15000498
15028247
15028244
15028243
15028242
15000721
15085788
15089989
15089993
15088651
15084895
15089984
15089968
15075813
15074694
15074699
15074706
15074709
15074719
15074723
15074725
15074726
3056342
15006354
15057215
15057607
15057250
15074088
15074727
15058585
15057703
15074728
3076412
3056344
15074865
15058154
15074729
15006353
15055851
15056602
15057947
15056556
15059131
15057064
15058859
15056511
15058007
15059077
15057572
15059444
15059210
15058980
15057991
15056874
15056724
15043939
15075721
15075720
15075722
15075723
15075733
15075738
15075777
15075778
15075779
15002265
15058121
15059302
15056948
15057586
15057599
15056658
15074869
15059417
15056856
15029605
15074870
15057689
15074871
15074872
15075681
15075817
15075826
15075835
15075839
15059421
15075687
15075698
3056339
15056791
15058123
15059059
3082243
3056955
15056705
15058342
15058519
15075713
15068169
15068232
15068203
15068192
15068147
15068223
15068257
15075843
15075846
15075852
15075853
15075845
15075849
15075850
15075847
15075848
15075844
15058347
15058310
15058883
15029607
15059170
15068121
15058376
15058031
15057404
15057069
15056588
15057327
15059041
15057897
15057242
15057792
3035490
15058193
15001946
15059981
15059972
15059977
15059970
15059978
15059971
15059973
15059975
15059969
15059966
15059974
15000648
15059435
15074682
15000991
15000993
3058490
15000374
15080856
15000082
3038743
15058660
15000259
15000221
3058491
15058059
15073554
3059490
15000014
15000164
15057596
3058822
15091495
3058174
15000771
15000767
15000647
15000653
15000787
15000768
15000503
15000772
15000657
15000786
15000512
15000766
15000589
15000482
15000769
15000649
15000770
15000514
15080254
15077988
15077992
15077994
15084222
15039250
15021030
3058512
15000090
15077883
15077884
15077895
15077896
15077897
15077898
15077899
15077900
15077901
15077902
15077903
15077904
15077905
15077907
15077908
15077930
15077932
15077934
15078150
15077937
15077953
15077942
15077943
15077944
15077947
15077948
15077949
15077951
15077954
15077955
15077956
15077957
15077958
15077959
15077960
15077961
15077962
15077967
15077968
15077969
15077970
15077971
15077972
15077973
15077974
15077975
15077976
15077977
15077978
15077979
15077779
15077782
15077868
15077869
15077870
15077871
15077872
15077873
15077874
15077875
15077876
15077877
15077878
15077879
15077880
15077881
15000153
15057730
15056798
15061194
15057225
15061196
15061198
15061197
15061199
15059189
15061200
15057923
15056875
15056680
15061201
15056695
15057401
15061205
15058351
15057277
15061206
15061208
15061210
15061212
15061217
15057762
15061220
15058242
15000941
15001004