15092750
15093625
15093666
15093666
15093659
15093661
15093663
15093740
15093745
15093741
15094080
15094080
15094080
15094089
15094093
15094202
15094277
15094277
15094277
15094277
15094317
15094303
15094303
15094303
15094313
15094331
15094334
15094340
15094315
15094324
15094344
15094314
15094316
15094319
15094321
15094322
15094326
15094342
15094411
15094386
15094413
15094398
15094428
15094410
15094460
15094460
15094460
15094505
15094457
15094498
15094455
15094448
15094491
15094502
15094508
15094511
15094510
15094473
15094620
15094620
15094578
15094578
15094770
15094772
15094775
15094778
15094783
15094784
15094785
15094787
15094788
15094788
15094788
15094789
15094792
15094793
15094795
15094795
15094797
15094798
15094799
15094799
15094800
15094801
15094801
15094802
15094802
15094803
15094804
15094805
15094805
15094805
15094806
15094806
15094806
15094807
15094807
15094807
15094808
15094808
15094808
15094808
15094809
15094809
15094809
15094809
15094809
15094809
15094809
15094809
15094964
15094964
15094967
15094967
15094967
15094967
15094967
15094972
15094971
15095040
15095109
15095158
15095158
15095158
15095158
15095149
15095149
15095149
15095149
15091895
15091909
15091886
15091890
15091891
15091894
15091898
15091900
15091902
15091905
15091910
15092317
15092317
15092289
15092289
15092587
15092587
15092587
15092587
15092587
15092587
15092587
15092587
15092587
15092587
15092587
15092587
15092587
15092587
15092950
15092950
15092950
15092529
15092529
15092529
15092529
15092529
15092529
15084573
15084322
15093354
15093615
15093617
15093618
15093624
15092750
15092750
15092750
15092750
15092750