15057739
3062269
15065006
15064971
15081072
15081022
15081034
15041818
3061376
15084808
15080323
15078005
15012350
15073246
15064538
15067878
15068280
15068289
15068690
15068723
15068710
15068290
15068662
15028967
15081073
15057131
15057780
15000935
15059225
15000302
15000325
15012689
15033456
15061194
15056695
15012892
15012895
15013114
15013117
15013199
15017321
15017323
15021139
15021145
15021149
15023681
15025449
15028196
15028197
15028199
15029174
15029175
15029181
15029185
15029187
15076256
15037506
3043387
15000366
15056825
3083365
15001051
15000282
15001004
15001030
15085693
15077093
15060635
15057389
15059041
15000057
15043119
15078194
15065007
15065005
15075889
15077809
15084817
15064134
15068683
15068413
15068394
15068724
15068445
15068422
15068706
15068701
15068389
15076338
15068301
15068383
15059460
15000761
15035887
15056672
15059038
15029954
15029957
15012690
15033458
15061200
15013110
15013115
15017322
15017326
15021106
15056667
15021147
15021154
15025443
15025451
15025453
15028198
15028200
15028207
15029178
15029183
15034530
15034536
15034542
15037505
15076253
15038392
15012630
15012647
15025955
15026004
15000900
15000864
15059871
15047817
15077801
15084594
15073274
15081026
15075883
15075935
15077788
15078027
15084696
15084717
15083722
15078197
15064124
15037581
15058876
15068689
15068664
15068717
15068577
15068151
15068130
15080330
15068285
15076345
15076323
15016368
15068391
15068675
15057129
15058048
15029855
3055528
15075270
15076821
15000124
15000268
15000390
15034387
15058351
15061208
15013094
15013107
15013116
15013193
15021103
15021107
15003489
15028193
15028205
15029071
15029173
15034535
15000017
15037346
3043390
15043376
15056824
15057486
15074479
3082781
15001033
15000836
15040586
15040587
15006892
15060633
15057872
15058031
15001946
15000294
15000432
15050741
15077804
15041539
15075936
15083696
15056525
15058872
15037577
15068692
15068408
15068711
15068716
15068563
15068447
15068144
15068387
15076328
15076320
15068304
15058316
15059017
15042150
15067980
15067888
15059081
15000371
15057923
15061196
15061210
15056680
15012896
15013113
15017325
15021098
15021104
15021158
15025446
15025456
15025538
15028194
15028202
15028203
15034531
15034534
15034544
15075365
15076255
15077586
15077756
15043379
15002244
15002260
15014237
3070125
15085690
15085700
15086283
15060634
15057327
15057897
15058376
15000289
15034525
15073563
15081040
15075890
15078057
15063505
15084605
15041872
15078207
15000236
15000312
15012351
15057662
15068669
15068392
15069866
15068673
15068646
15068548
15068715
15067899
15076333
15068707
15068696
15068388
15059088
15000985
15000997
15068686
15000943
15056550
15058301
15000834
15057036
15057018
15012691
15029788
15035122
15000153
15061212
15061205
15056875
15013111
15013192
15013202
15013206
15017319
15021105
15021153
15025454
15025455
15025689
15029179
15057391
15034532
15034533
15029186
3035538
15000297
15043378
15058259
15058749
3083052
3082053
3037296
15000897
15040584
15040588
15084721
15057242
15057792
15058077
15059499
15056588
3036708
15062540
15076004
15077775
15040631
15073569
15083744
15000165
15082011
15057765
15057942
15057972
15058326
15068281
15068677
15068720
15068553
15076322
15076342
15058984
15000984
15068402
15042667
15048854
15056633
15057699
15012192
15001096
15042147
15042149
15075271
15056971
15000241
15012679
15012692
15033454
15057730
15057762
15059189
15061198
15061206
15061199
15056798
15057277
15057401
15013109
15013194
15013203
15017320
15021138
15021141
15021144
15021148
15023680
15028201
15028206
15029176
15029177
15029184
15000063
3075291
15012891
15057516
15058439
3083877
3084122
15000524
3037286
15001035
15075631
15058193
15056870
15057069
15059674
15050736
15077787
15084591
15040630
15081047
15063096
15075887
15078013
15084708
15078028
15078201
15068286
15068284
15068712
15068543
15068434
15069868
15076337
15076343
15000937
15000998
15057469
15058230
15042148
3043344
15047798
15000422
15033449
15033455
15033457
15033459
15034386
15058242
15061217
15061197
15057225
15012890
15013104
15013205
15017318
15017324
15021151
15021156
15025444
15025448
15028204
15028208
15029182
15034541
15036330
3075292
15057480
15059095
15059224
3057576
15000941
15000908
15057404
3035490
15000188
15075922
15085295
15041820
15078022
15083709
15064139
15064131
15057461
15068688
15068283
15068423
15056939
15068165
15068709
15076318
15076330
15068382
15000988
15068681
15001097
3043346
3072930
15067966
15002849
15012688
15033453
15061201
15061220
15059496
15012893
15012894
15013105
15013106
15021108
15021137
15023678
15025445
15025450
15028195
15029180
15034538
15076254
15037507
3043382
15043377
15013112
3075293
15059351
15056062
15056280
3083437
3083575
15001023
15081240