15000115
15000830
15074871
3078812
15058054
15042597
15059466
15064538
15074458
15072207
15074453
15058346
15077051
15058457
15068289
15078198
15078117
15078005
15000000
3037352
15059969
15000714
15081330
15064014
15064006
15056553
15057030
15057485
15077093
15057737
15078818
15078774
15068662
15081073
15057131
15058037
15058285
15037519
15057303
15061607
15059058
15000515
15042796
15077902
15077932
15000325
3058490
15061194
15056695
15028197
15078967
15077809
15078219
15060818
15003822
3070429
15058807
15073910
15079558
15079287
15083771
15058284
15059188
15059377
15057519
15077052
15020284
15069276
3069614
15079306
15057175
15085375
15058731
15000588
15074688
15026004
15074490
15000481
15063972
15002871
15068724
15073980
15068706
15068389
15084579
15058644
15057988
3052442
15077957
3058512
15084891
15012690
15080837
15080892
15073985
15013110
15017326
15056998
15057510
15000127
3036603
15059468
15078144
3071214
15062581
15074417
15001091
15083990
15076933
15059605
15059598
15057115
15076244
15076236
15075720
3040133
15058925
15076724
15076738
3066753
15021027
15059163
15063739
15078904
3076459
15068967
15013107
15057181
15034535
15041938
15042007
15000585
15078763
15057805
15057941
15057948
15062417
15002148
15068717
15068151
15016368
15037521
15056988
3055528
15059155
15028056
15079544
15079387
15085516
15079174
15034085
15081004
15058850
15075848
15077095
15001700
15076701
15077046
15021521
15057166
15043562
15057806
15078726
15078418
15079560
15081433
15078588
15079617
15079190
15078394
15058121
15058347
15000836
15040587
15080462
15058365
15077900
15077897
15084953
15058660
15080898
15025456
15034534
15077586
15041894
15000389
15000719
15078771
15074717
15077014
15078110
15075936
15073421
15001049
15003838
15004273
15057240
15074466
15068692
15068563
15058316
15057196
15057479
15057550
15057558
15084667
15002260
15076931
15071227
15079815
15079620
15043421
15075777
15058896
15075346
15058103
15078836
15078345
15079507
15034088
15034138
15085483
15078976
15079577
15079555
15056925
15057062
15064868
15059187
15029788
15082028
15013192
15017319
15042005
15001697
15077102
15078169
15057520
15063505
15078151
3076092
15057456
15057971
15058187
15073875
15068715
15067899
15057450
15057757
15057862
15079339
15081350
15059595
15061337
15021091
15079317
15058744
15078105
15074548
15078485
15078299
15077592
15034070
15034081
15001184
15012184
15057696
15085441
15020602
15079127
15079610
15043378
15057371
15058887
15064564
15059231
15069613
15053339
15001096
15058016
15058453
15058720
15012964
15021184
3058831
15059325
15059475
15077961
15056971
15077593
15082033
15056699
15082011
15058767
15074464
15073913
15076322
15059973
15077078
15044741
15070811
15060248
15001015
15058296
3036596
15000881
15057549
15057646
15075831
3083877
15063963
15063971
15058271
15078974
15079018
15079513
3069143
3070050
15072740
15000110
15060834
15002733
15068434
15069868
15073898
15056760
15056880
3074781
15000998
15037840
15086220
15059256
15044014
15044678
15059160
15057917
15057940
15059401
15077974
15077874
15000422
15025597
15079540
15081342
15022076
15078930
3057773
15058519
15043364
15053479
15059280
3066754
15056770
15077105
15078167
15078013
15002731
3070842
15069216
15042006
15078790
15059412
15083717
15079082
15078951
3069053
15054699
15081367
15061331
15078952
15078373
15063737
15078633
15079202
15040363
15080932
3058269
15056591
15082009
15021151
15028208
15074223
15074173
15076352
15086222
15063879
15057840
15058712
15077973
15064509
15001019
15000164
15063956
15000477
15012893
15013106
15021108
15059059
15043362
15059585
15068121
15057468
3035490
3078814
15058311
15057378
15059516
15043603
15078171
15085295
15057761
15058116
15041820
15003824
15002126
15058599
15090013
15090008
15091362
15087049
15088523
15088476
15088467
15088460
15088516
15084515
15084795
15084796
15084799
15084753
15084519
15084744
15084575
15084576
15084789
15084574
15084700
15084607
15084511
15084790
15087111
15087615
15087611
15087105
15028236
15037507
15084705
15084758
15090589
15090376
15090422
15090384
15090368
15090414
15090412
15090407
15090388
15072446
15072442
15089051
15089062
15089768
15088979
15089330
15088950
15088949
15087082
15089015
15090657
15090645
15090194
15090291
15090190
15090181
15064225
3058071
15059972
15059971
15074720
15090214
15090286
15090285
15090281
15090235
15090228
15090199
15088830
15088171
15088863
15086440
15088152
15086634
15088156
15088852
15086855
15086390
15086394
15086244
15086587
15086438
15086426
15086424
15086637
15086607
15086632
15086630
15086628
15086612
15086447
15086605
15086602
15086599
15086418
15087277
15087087
15087085
15086576
15086240
15086578
15086831
15086872
15086861
15086868
15086837
15086823
15086633
15086584
15086820
15086636
15089984
15089989
15089993
15089968
15088651
15085788
15068635
15062050
15079039
15090168
15089040
15083756
15085720
15088749
15084222
15088938
15088941
15088928
15088659
15088669
15088653
15088674
15087824
15085384
15089148
15086891
15090457
15086895
15086889
15086883
15086880
15086898
15086890
15086901
15086893
15086857
15086903
15086892
15086862
15086860
15090706
15090667
15090684
15090689
15034079
15040865
15085372
15085379
15089733
15090396
15089585
15089697
15089575
15091124
15089700
15090431
15090741
15090712
15090416
15090403
15089725
15089722
15090568
15089669
15089703
15089715
15089512
15089503
15089492
15089717
15089711
15089719
15089713
15089704
15089714
15090421
15090428
15089698
15089716
15088737
15086329
15089617
15089637
15079107
3045532
15081431
15089773
15088743
15087511
15086325
15087488
15086324
15086328
15086655
15086649
15086645
15086688
15086687
15083774
15059051
15025352
15079207
15087069
15086423
15086446
15088161
15061329
15086442
15086420
15086805
15089658
15089712
15086327
15086392
15086395
15086391
15086397
15086411
15086878