15058031
15085295
15083744
15083696
15064131
15000165
15073246
15067878
15057765
15069866
15068720
15068301
15068304
15058301
15000935
15000124
15013193
15013202
15017318
15017321
15021103
15021151
15034544
15013112
15056280
3082781
3037286
15000864
15000908
15057897
15000289
15043119
15050736
15078027
15084808
15012350
15068548
15042667
15048854
15057129
15057699
15001096
15035887
15033453
15057277
15013192
15013206
15017323
15021104
15025443
15025454
15028205
15029071
15057391
15029185
15029187
15034534
15034536
15000366
3075291
15057516
15000057
15040630
15081022
15075935
15075889
15064134
15057662
15068280
15068413
15076345
3072930
15000371
15033458
15057923
15058351
15013110
15021144
15021148
15025445
15025448
15029177
15034533
15034538
15037505
15000063
3043390
15001023
15057327
15059499
15077804
15078197
15058876
15068281
15068392
15068664
15068723
15080330
15068165
15068696
15068701
15000997
15000761
15057036
15059225
15067966
15029788
15035122
15058242
15061199
15012892
15013105
15013111
15013113
15021137
15025444
15025450
15025689
15028198
15029175
15036330
15058439
15002244
15086283
15077093
15060635
15081240
15057242
15057739
15057792
15076004
15077801
15073274
15081026
15084696
15078005
15056525
15068447
15068553
15068144
15076330
15068383
15068391
15001097
15012689
15061194
15056695
15057401
15013094
15021105
15025455
15029173
3035538
3043387
15056062
15057486
3083052
3036708
15065006
15077809
3061376
15078201
15068689
15068716
15068712
15068543
15068422
15068423
15068710
15016368
15075271
15075270
15029954
15061220
15012893
15012895
15021138
15025451
15034535
15029186
15037346
15043379
15002260
3082053
3037296
15040588
15006892
15057404
15000188
15000294
15065007
15064971
15078207
15064124
15058326
15068673
15068688
15076337
15056939
15068290
15068662
15056550
15000241
15000302
15033454
15033457
15033459
15061206
15061208
15012890
15013109
15013194
15013205
15017325
15021107
15028193
15028202
15028206
15029176
15029178
15029179
15029180
15076254
3043382
15059351
3083437
15014237
15000836
15060633
15057872
15057069
15075922
15041539
15075887
15082011
15068289
15069868
15059088
15068686
15057469
3055528
3043344
15067980
15056971
15000390
15012688
15034386
15034387
15012896
15013104
15017320
15017322
15021106
15021158
15023681
15028194
15028196
15028204
15076255
15000297
15059224
3057576
15000897
15040586
15059871
15058376
15000432
15073569
15065005
15075883
15083709
15084717
15068408
15068711
15068434
15067899
15068388
15068675
15000943
15029855
15057018
15012679
15012692
15033449
15057730
15061200
15013115
15003489
15056667
15021156
15028199
15028200
15034531
15037507
15059095
3083575
15001035
15040584
15085693
15084721
15001946
15056588
15084594
15081047
15012351
15068690
15076343
15076318
15057131
15059017
3043346
15029957
15012690
15061196
15061198
15061217
15017324
15021145
15021147
15025446
15025456
15028201
15043376
15043377
15000282
15001030
15060634
15059674
15050741
15034525
15078194
15041820
15078013
15084708
15083722
15037581
15057942
15068692
15068283
15068717
15068563
15068151
15076333
15068285
15068706
15068387
15000998
15028967
15042149
15033455
15059189
15013117
15021139
15028195
15028197
15043378
15058259
3084122
15026004
15058193
15059041
3035490
15062540
15077775
15084605
15084817
15058872
15058984
15000988
15042148
15000268
15002849
15061197
15056680
15013106
15017319
15025449
15025538
15028203
15028208
15029184
15075365
15057480
15000900
15058077
3062269
15063505
15041818
15000236
15000312
15057461
15068669
15068677
15068646
15068286
15068284
15068577
15068389
15076328
15081073
15058316
15067888
15059038
15000325
15057225
15021154
15028207
15029181
15029182
15034542
3075292
15056825
3083877
15000941
15001033
15040587
15047817
15084591
15081034
15075936
15078028
15064139
15037577
15057972
15068130
15076322
15076342
15076323
15076338
15068402
15056633
15058230
15042147
15012691
15061201
15061210
15061212
15056798
15013199
15021098
15034530
15076256
15012891
3083365
15001051
3070125
15000524
15025955
15001004
15075631
15040631
15073563
15081040
15063096
15077788
15041872
15068394
15068707
15068709
15076320
15059460
15000937
15000834
15012192
15047798
15076821
15000422
15033456
15061205
15056875
15059496
15013114
15013203
15017326
15021108
15021141
15021149
15021153
15023678
15077756
3075293
15058749
15012630
15057389
15056870
15077787
15081072
15075890
15078057
15078022
15080323
15064538
15068683
15068724
15068445
15068715
15068382
15000984
15000985
15068681
15057780
15058048
15042150
15056672
15059081
15057762
15000153
15012894
15013107
15013116
15023680
15025453
15029174
15029183
15034532
15034541
15000017
15076253
15077586
15037506
15038392
15056824
15074479
15012647
15085690
15085700