15057899
15057931
15058303
15058457
15058806
15084136
15073868
15073863
15073871
15073873
15073914
15073972
15073911
15073907
15074217
15074184
15057075
15063908
15057623
15058807
15084885
15073902
15073922
15073879
15073887
15073980
15074235
15056835
15075057
15057382
15057890
15057935
15058207
15073874
15073918
15073890
15073888
15073889
15074225
15056544
15084883
15059182
15059486
15084086
15073923
15073905
15073903
15073916
15073936
15073949
15073876
15073935
15056710
15058963
15059056
15057456
15058034
15058129
15058187
15084081
15083974
15073875
15073917
15073884
15074234
15074224
15043011
15057639
15058041
15058137
15058273
15083975
15080805
15073904
15073897
15073891
15073899
15056886
15073892
15073921
15073938
15073967
15073880
15073898
15073919
15073920
15074221
15056518
15056760
15056880
15059114
15073896
15073895
15073886
15073915
15074223
15074173
15058599
15080806
15090589
15090376
15090422
15090384
15090368
15090414
15090412
15090407
15090388
15057971
15073913
15084888
15058665
15059492
15073900
15073893
15073908
15020628
15073901
15073894
15073910
15058930
15073882
15056516
15056780
15058360
15058447
15073881
15073906
15074205
15056785
15057436
15073909
15074227
15073977
15073883