15090013
15090008
15091362
15087049
15088523
15088476
15088467
15088460
15088516
15084515
15084795
15084796
15084799
15084753
15084519
15084744
15084575
15084576
15084789
15084574
15084700
15084607
15084511
15084790
15087111
15087615
15087611
15087105
15084705
15084758
15090589
15090376
15090422
15090384
15090368
15090414
15090412
15090407
15090388
15072446
15072442
15089051
15089062
15089768
15088979
15087069
15089330
15088950
15088949
15087082
15089015
15086423
15090657
15090645
15090194
15090168
15090291
15090190
15090181
15090214
15090286
15090285
15090281
15090235
15090228
15090199
15086446
15088830
15088161
15088171
15088863
15086442
15086440
15088152
15086634
15088156
15088852
15086855
15086390
15086392
15086394
15086395
15086244
15086391
15086587
15086397
15086438
15086426
15086424
15086637
15086607
15086632
15086630
15086628
15086612
15086447
15086605
15086602
15086599
15086420
15086418
15086411
15087277
15087087
15087085
15086576
15086240
15086578
15086831
15086878
15086872
15086861
15086868
15086837
15086805
15086823
15086633
15086584
15086820
15086636
15089984
15089989
15089993
15089968
15088651
15085788
15089040
15083756
15085720
15088749
15084222
15088938
15088941
15088928
15088659
15088669
15088653
15088674
15087824
15085384
15089148
15086891
15090457
15086895
15086889
15086883
15086880
15086898
15086890
15086901
15086893
15086857
15086903
15086892
15086862
15086860
15090706
15090667
15090684
15090689
15089733
15090396
15089585
15089697
15089575
15091124
15089700
15090431
15090741
15090712
15090416
15090403
15089725
15089722
15090568
15089669
15089658
15089703
15089715
15089512
15089503
15089492
15089717
15089711
15089719
15089713
15089712
15089704
15089714
15090421
15090428
15089698
15089716
15088737
15086329
15089617
15089637
15089773
15088743
15087511
15086325
15087488
15086324
15086327
15086328
15086655
15086649
15086645
15086688
15086687
15059499
15001000
15000933
15057177