15058193
15000432
15043119
15077787
15077801
15073274
15065006
15081034
15077788
15084708
15080323
15078005
15058872
15082011
15057972
15068280
15068724
15068445
15068553
15068707
15068706
15076345
15076320
15068301
15059460
15000988
15000998
15016368
15068686
15058301
15000834
15001097
15042148
15029957
15000325
15000422
15012679
15033459
15034387
15057730
15057923
15059189
15057225
15057401
15013094
15013110
15013206
15017318
15021108
15021149
15021154
15023680
15025443
15025446
15025448
15028207
15029181
15029185
15000017
3043382
3043390
15043379
15013112
15074479
15026004
15001004
15000900
15059871
15075631
3035490
15000188
15085295
15073569
15075935
15075889
15075887
15077809
15084696
15084808
15084717
15078201
15064134
15000312
15057461
15068664
15068692
15068690
15068283
15068711
15068712
15068423
15068715
15076337
15076338
15076343
15076318
15068382
15068383
15068304
15068290
15068681
15081073
15048854
15012192
15057036
3055528
3072930
15056971
15057018
15059081
15012692
15029788
15035122
15033449
15033454
15000153
15061197
15061220
15061205
15056798
15012892
15012893
15013109
15013115
15013117
15017326
15021106
15021137
15023678
15025451
15025455
15028205
15029180
15034533
15034541
15076253
15076255
3043387
15000941
15000836
15000864
15040584
15085693
15057242
15057897
15058031
15058376
15000057
15041539
15065005
15083709
15083696
15078028
15083722
15064131
15000236
15037577
15064538
15068394
15068717
15068577
15068285
15056939
15076328
15076330
15068675
15028967
15042150
3043346
15075271
15067966
15067888
15061206
15061210
15013104
15013114
15013194
15017323
15017325
15021098
15021103
15021104
15021107
15028194
15028199
15028201
15028206
15029187
15034530
15034538
15034542
15043376
15043377
15056824
15025955
3057576
15059041
15059674
15000294
15084594
15040630
15078194
15081022
15075883
15075890
15041872
15078027
15078207
15012351
15057765
15058876
15068413
15068543
15068548
15076323
15068391
15057129
15057469
15057780
15001096
15035887
15059225
15000268
15000371
15000390
15012688
15033458
15056680
15056695
15056875
15013193
15013199
15013205
15017322
15021105
15021145
15021153
15021156
15025445
15025450
15028195
15028198
15029173
15029182
15034532
15076254
15037346
15037505
15077756
15012647
15001023
15001033
15085700
15077093
15006892
15060634
15081240
15057404
15001946
15000289
15084591
15034525
15040631
15065007
15064971
15081047
15063096
15078022
15078013
15083744
15064124
15000165
15057942
15068281
15068673
15068723
15068716
15068434
15068151
15068130
15068165
15000984
15000985
15068402
15068662
15056550
15057699
15000935
15042147
3043344
15067980
15000241
15057762
15061200
15057277
15012894
15013106
15017319
15056667
15021144
15021158
15023681
15025449
15025456
15028193
15028197
15029178
15029183
15034535
15034544
3035538
15037506
3075291
3070125
3037296
15001035
15000897
15056588
3062269
15050741
15063505
15041820
15084817
15056525
15073246
15067878
15068688
15068286
15068447
15068389
15068388
15068387
15042667
15000943
15058316
15000124
15000302
15012689
15012691
15033457
15058351
15061212
15061199
15059496
15012890
15013116
15013202
15017320
15003489
15025454
15028202
15028208
15029175
15029177
15029179
15057391
15029184
15034531
15029186
15075365
15036330
15000297
15043378
15000366
15012891
15001051
15000282
15012630
15040586
15086283
15060635
15047817
15057327
15057792
15057069
15062540
15075922
15073563
15081026
15078057
15084605
15075936
15041818
15078197
15064139
15037581
15057662
15058326
15068689
15068669
15068289
15068408
15068284
15068720
15068422
15069868
15068709
15076322
15058984
15059088
15000997
15056633
15057131
15058230
15000761
15029855
15042149
15075270
15047798
15059038
15002849
15012690
15033453
15034386
15061196
15061194
15061201
15061217
15012895
15012896
15013105
15013203
15021141
15021147
15021151
15025444
15025453
15028204
15029071
15029176
15034534
15034536
15076256
15000063
15037507
15038392
3075292
3075293
15059351
15000524
3037286
15040588
15085690
15060633
3036708
15050736
15076004
15077775
15077804
15081072
15081040
3061376
15012350
15068392
15069866
15068683
15068677
15068646
15068563
15067899
15080330
15068144
15076333
15068696
15068710
15068701
15076342
15000937
15058048
15059017
15076821
15056672
15029954
15033455
15033456
15058242
15061198
15061208
15013107
15013111
15013113
15013192
15017321
15017324
15021138
15021139
15021148
15025538
15025689
15028196
15028200
15028203
15029174
15077586
15001030
15000908
15040587
15084721